  5             83.84726             -5.02459      11.15  23.2
  9             83.86135             -5.16620      10.71  13.0
 10             83.82113             -5.32181       8.95  20.5
 12             83.81898             -5.32483       9.39  22.3
 16             83.81604             -5.33532       9.61  11.5
 17             83.82469             -5.31807       9.39  16.3
 18             83.81026             -5.31189       9.39  12.5
 19             83.86445             -5.15861      11.37   7.9
 21             83.84284             -5.01978      11.15  21.1
 23             83.82478             -5.00483      10.93  23.0
 30             83.83122             -5.25931      10.71  11.2
 32             83.82470             -5.31361      10.27  15.4
 33             83.85801             -5.09514      11.37  11.9
 34             83.83522             -5.01365      10.93  25.8
 35             83.85934             -5.06551      10.27  14.7
 36             83.87365             -4.97983      12.03  18.2
 39             83.85962             -5.17263      10.93  10.6
 40             83.86029             -5.08760      11.37  16.4
 41             83.78702             -5.93102       8.07   7.6
 42             83.84709             -5.20066      11.15   9.4
 43             83.78889             -5.33678       7.85   8.5
 44             83.82886             -5.01357      11.15  24.8
 47             83.85118             -5.14224      11.15  11.1
 49             83.83959             -5.21998      10.27   7.6
 50             83.85229             -5.13106      11.81   9.3
 54             83.80960             -5.30330      10.27   8.7
 55             83.83234             -5.21963      10.27   7.8
 56             83.82595             -5.00943      11.15  20.3
 57             83.87378             -4.99644      11.59  12.2
 58             83.84570             -5.21045      10.49   9.8
 59             83.80631             -5.96555       7.63  10.6
 63             83.74833             -5.35940       8.29  17.8
 65             83.80722             -5.44595       8.29  20.1
 68             83.86681             -5.17436      10.93   9.8
 69             83.85507             -5.04317      10.93  14.1
 70             83.73424             -5.76767       7.63  11.7
 72             83.81564             -4.99858      11.15  23.5
 73             83.78455             -5.59903       8.07  17.1
 77             83.77707             -4.91264      10.93  11.0
 81             83.67071             -5.52846       6.75  10.5
 82             83.84701             -5.12541      11.59  15.0
 83             83.77700             -4.94065      10.93  11.8
 84             83.83829             -5.24769      10.49  10.0
 91             83.77017             -5.40508       8.51   7.4
 93             83.78789             -5.97440       8.07  17.3
 95             83.80558             -4.99034      11.15  31.3
 97             83.77125             -5.62290       8.51  16.7
 99             84.04762             -6.17912       8.07  10.5
100             83.85114             -5.20867      10.49   8.5
101             83.86029             -5.10059      11.37  21.3
105             83.84746             -5.11968      11.59   9.7
107             83.76559             -5.30012       7.63  10.7
108             83.84002             -5.24101      10.71   8.8
109             83.84306             -5.17037      11.15  15.1
110             83.88081             -5.01031      11.15   8.7
114             83.80598             -5.45109       8.73  12.2
116             83.85353             -5.13791      10.93  11.6
117             83.70287             -4.92851      10.49  14.7
121             83.96774             -6.16719       8.07  13.1
122             83.77141             -5.57990       7.19  11.9
125             83.86634             -5.11958      11.37  13.2
127             83.78911             -5.31285       8.95   6.8
128             83.75322             -5.27003       9.39  12.5
129             83.88409             -5.09695      12.25  22.0
130             83.87380             -4.97238      11.59  22.7
133             84.15429             -6.25039       7.63  11.6
134             83.80037             -5.57433       8.07  19.1
137             83.86283             -5.19270      10.93   9.8
139             83.84413             -5.11082      10.93  16.0
142             83.88501             -5.10955      11.59   9.8
144             83.83382             -5.08503      10.49  14.5
147             83.82629             -5.20081      10.71   7.5
153             83.78853             -5.86895       6.97   8.7
154             83.73949             -5.76451       6.75   8.8
161             83.87602             -5.10059      11.81  19.8
164             83.75679             -5.25595       8.95  17.4
165             83.68338             -5.69030       7.63  10.3
166             83.86629             -5.06040      10.71  19.7
167             83.86085             -5.06032      10.71  14.8
169             83.76035             -5.41373       8.07   7.8
170             83.82585             -5.22697      10.49   7.5
172             83.78475             -5.85627       6.75  12.8
174             83.76215             -5.60311       6.97  24.1
177             83.85584             -5.09951      11.37  13.4
179             83.85463             -5.25948      10.71   7.7
180             83.82183             -5.07955       9.61  13.0
181             83.89253             -4.99704      11.81  10.2
182             83.77374             -4.90811      11.15   8.0
189             83.72439             -5.77180       8.29  12.1
191             83.75644             -5.30353       8.51  11.3
192             83.86733             -5.08365      11.37  11.9
193             83.82760             -5.23540      10.71  10.0
194             83.79358             -5.92738       7.85   6.8
197             83.87226             -5.20200      10.49   9.8
198             83.77046             -4.95716      11.37  15.8
199             83.80018             -5.95131       7.85   6.6
203             83.82688             -5.08047      10.93  13.0
207             83.76871             -4.92399      11.15  11.0
208             83.78403             -4.93252      11.15   9.8
211             83.72458             -4.95249      10.71  18.4
213             83.92177             -5.04128      11.81   6.3
220             83.75208             -5.66773       8.07  10.1
221             83.73876             -5.34577       8.51  14.1
223             83.75273             -4.97396      10.49  10.3
225             83.78123             -5.94482       8.29  12.5
226             83.76019             -5.63125       6.97  12.0
228             83.75243             -5.36597       8.07  11.2
231             83.79408             -4.99982      11.37  14.5
232             83.82275             -4.94168      12.69  15.0
234             83.78691             -5.88847       7.63   4.7
235             83.74957             -5.33127       7.19   7.2
239             83.75886             -5.29740       8.51   8.0
240             83.71620             -4.93830      10.71  13.3
241             83.77792             -4.93596      10.93  13.2
245             83.82808             -5.06771       9.61  11.1
246             83.87723             -5.87634       7.85   9.1
247             83.81210             -5.27932       9.61   9.9
249             83.84900             -5.09092      10.71  11.3
250             83.87190             -4.99081      12.03  17.5
254             83.90602             -6.16198       9.39   5.9
256             83.79314             -5.27891       9.39  13.2
257             83.75793             -5.23305       9.61  16.6
259             83.74219             -5.33073       7.63   7.0
260             83.81226             -5.26960      10.27  10.5
264             83.75742             -5.92680       8.07  13.8
265             84.10731             -6.23729       8.07  11.4
266             83.91805             -5.11422      12.47   9.6
269             83.83881             -5.17787      11.15  10.4
274             83.70746             -5.77024       8.95   9.9
282             84.09522             -6.21789       8.07   9.4
283             83.85865             -5.87194       7.85  17.1
287             83.66783             -5.52075       6.75   9.5
291             83.77259             -5.30811       9.17   5.0
292             83.88603             -5.15899      10.93  15.2
293             83.90896             -5.01580      11.59   8.6
294             84.10313             -6.23431       8.29  13.8
300             83.88596             -5.16940      10.93   9.7
302             83.82228             -5.04308      10.49  13.7
306             83.77675             -5.28182       9.17  10.5
310             83.76282             -5.46122      10.93   3.5
312             83.71450             -5.64783       7.63  16.4
317             83.75261             -5.32364       8.07  12.0
319             83.70721             -4.91835      10.49  14.9
323             83.81324             -5.28590       9.17   7.3
327             83.87514             -5.08087      11.15  16.4
330             83.81624             -5.25487      10.05  11.0
331             83.82015             -5.24576      10.05  13.5
342             83.79221             -5.63126       7.19  14.9
353             83.73182             -5.33475       9.17   8.8
355             83.91499             -5.10713      11.37  13.5
357             84.08591             -6.22051       8.07  13.8
361             83.68854             -5.73855       8.95  16.0
362             83.75024             -5.64903       8.95  16.5
363             83.72537             -5.62012       6.09   9.5
367             83.82254             -5.18514      11.15  13.5
371             83.73876             -5.69251       8.73  13.2
387             83.70517             -5.69387       7.19  12.3
390             83.89300             -5.08923      11.59  12.0
391             83.79428             -4.97123      10.93  25.7
401             83.76262             -4.98428      10.27  11.4
402             83.71703             -4.94449      10.93  14.4
405             83.74210             -5.70125       8.73  14.0
407             83.75100             -5.41395       9.39   7.9
413             83.73518             -5.56496       6.53   6.4
420             83.74128             -5.72616       6.97  10.3
422             83.89687             -5.17238      10.71   7.9
431             83.75942             -5.63871       8.73  12.5
432             83.79646             -5.62771       7.41  11.5
434             83.73855             -4.95586      10.71  10.9
440             83.78488             -5.96492       8.07  18.2
441             83.71771             -5.73641       8.29  13.5
461             83.80562             -5.16646      10.71  15.4
462             83.90534             -5.10844      11.37  14.8
463             83.87745             -5.04815      10.49  19.1
464             83.77074             -4.94613      10.71  12.9
469             83.80346             -5.92901       7.41   6.9
470             83.74294             -5.68198       8.51  16.7
471             83.81435             -5.55115       7.19  13.6
478             83.82794             -5.93413       8.07   4.2
486             83.92940             -5.09902      10.93  10.0
493             84.15930             -6.26998       8.51  10.8
498             83.77784             -5.26313       9.39  11.2
500             83.90644             -5.09942      11.15  13.7
508             83.88870             -6.10200       8.73   5.6
518             83.89446             -5.18567      10.49   9.9
524             83.75788             -5.88522       7.41  10.1
535             83.92459             -6.12882       7.41   6.4
537             83.78815             -5.91879       7.85   8.7
538             83.71536             -5.70617       7.63  12.8
539             83.95736             -5.51178       7.19   3.7
540             83.72819             -5.40841      11.59   7.9
543             83.87811             -5.12074      11.37  13.7
545             83.76186             -4.93142      10.71   7.0
546             83.73587             -4.90142      11.15   9.4
551             83.88134             -5.89270       7.19   9.2
554             83.75212             -5.30263       8.51   9.2
570             84.16045             -6.26304       8.07  10.1
571             84.01832             -6.16034       8.29   9.5
572             83.72882             -5.72719       7.63  19.0
584             83.85491             -5.98366       6.97   9.2
586             83.67780             -5.47204       7.85   8.2
588             83.92395             -5.08629      10.93   7.7
592             83.86800             -5.99738       6.31   5.7
594             83.70678             -5.74392       8.29  15.2
595             83.69590             -5.70022       7.63  13.6
601             83.64971             -5.68440       7.85   7.2
603             83.87687             -5.06588      10.71  11.7
610             84.12174             -6.25239       7.85  13.2
611             83.82141             -5.99614       7.63  10.6
612             83.68629             -5.78575       8.95  11.5
616             83.87311             -5.05444      10.27  17.4
622             83.76991             -5.92961       8.29  14.5
623             83.71152             -5.71424       8.73  13.9
630             83.81553             -5.05844      10.27  14.6
632             83.93491             -6.13118       7.85  10.6
637             83.80293             -5.21256       8.29   8.7
648             83.80923             -5.17569      10.93  13.6
686             83.73658             -5.80658       7.19  12.7
691             83.75529             -5.46870      11.81   2.3
699             83.75322             -4.89717      11.15  10.3
701             83.75135             -5.89591       7.41  14.6
702             83.72680             -4.96436      10.93  11.8
707             83.75019             -5.81241       7.19  17.2
721             83.67246             -5.69374       7.85   7.6
734             83.74316             -5.83421       6.97  11.0
750             83.82236             -5.58375       8.29   9.4
755             83.73468             -5.90930       8.51  12.9
768             83.78508             -6.00744       8.07  12.7
784             84.01330             -6.23102       8.51  11.3
790             83.80356             -4.93682      11.37   9.0
816             83.73568             -5.36760       8.95   8.1
835             83.65690             -5.69668       8.07  10.3
869             83.80022             -5.78781       6.53   4.3
871             83.72573             -5.80079       8.73  12.1
873             83.86276             -4.95504      11.37  13.8
879             83.80411             -6.02245       9.39  10.7
907             83.84457             -6.05341       8.07  14.1
